# FSAFD TalairachingCheckCov 1
# date 20050512
# $Id: TalairachingCovariance.adf,v 1.1 2005/05/27 16:23:50 wastiaux Exp $
# Buckner data set
# nsubjects 591
# ncols 9
# nrows 9
# covariance matrix
   1.7240000e-01   9.0000000e-04  -5.0000000e-04   1.5000000e-03   4.4000000e-03   3.0000000e-03  -3.0000000e-04  -2.1000000e-03   7.0000000e-03
   9.0000000e-04   1.5640000e-01  -7.0000000e-04  -5.6000000e-03   0.0000000e+00  -6.0000000e-04   1.2000000e-03   1.0000000e-03  -3.0000000e-04
  -5.0000000e-04  -7.0000000e-04   1.5450000e-01  -2.0000000e-04  -9.0000000e-04   7.0000000e-04  -3.9000000e-03  -1.0000000e-03  -1.0000000e-03
   1.5000000e-03  -5.6000000e-03  -2.0000000e-04   1.5640000e-01   8.0000000e-04   2.4000000e-03  -8.0000000e-04  -2.8000000e-03   1.1000000e-03
   4.4000000e-03   0.0000000e+00  -9.0000000e-04   8.0000000e-04   1.5700000e-01  -1.8000000e-03  -1.0000000e-04   2.5000000e-03   5.9000000e-03
   3.0000000e-03  -6.0000000e-04   7.0000000e-04   2.4000000e-03  -1.8000000e-03   1.8530000e-01  -1.7000000e-03  -3.7600000e-02  -2.2000000e-03
  -3.0000000e-04   1.2000000e-03  -3.9000000e-03  -8.0000000e-04  -1.0000000e-04  -1.7000000e-03   1.5550000e-01   1.8000000e-03   4.0000000e-04
  -2.1000000e-03   1.0000000e-03  -1.0000000e-03  -2.8000000e-03   2.5000000e-03  -3.7600000e-02   1.8000000e-03   1.9190000e-01   3.3000000e-03
   7.0000000e-03  -3.0000000e-04  -1.0000000e-03   1.1000000e-03   5.9000000e-03  -2.2000000e-03   4.0000000e-04   3.3000000e-03   1.6090000e-01
